15367
15639
15730
15770
15409
15543
15494
15567
15611
15714
15604
15640
15719
15279
15755
15678
15721
15755
15557
15529
15627
15781
15496
15737
15626
15748
15689
15721
15833
15740
15665
15857
15743
15758
15711
15551
15656
15808
15635
15594
15567
15618
15502
15608
15488
15249
15504
15560
15488
15392
15527
15637
15237
15613
15884
15564
15632
15811
15478
15602
15613
15501
15696
15870
15357
15502
15603
15829
15638
15601
15686
15669
15702
15793
15655
15322
15623
15472
15489
15672
15877
15855
15576
15572
15716
15493
15521
15571
15888
15736
15480
15572
15661
15639
15622
15441
15578
15604
15657
15693
15608
15621
15646
15644
15633
15585
15583
15683
15632
15698
15655
15549
15693
15668
15563
15559
15721
15549
15654
15768
15689
15406
15529
15424
15849
15709
15598
15676
15670
15527
15423
15779
15741
15774
15553
15549
15622
15618
15684
15608
15439
15814
15535
15605
15538
15735
15749
15608
15725
15496
15415
15739
15842
15658
15653
15720
15669
15631
15606
15551
15597
15737
15531
15587
15718
15550
15628
15404
15620
15725
15626
15580
15679
15688
15638
15512
15544
15582
15702
15627
15885
15709
15430
15828
15770
15561
15587
15584
15449
15724
15574
15616
15393
15624
15759
15799
15593
15590
15680
15509
15509
15482
15768
15605
15551
15530
15664
15711
15428
15642
15757
15605
15750
15442
15557
15797
15482
15659
15913
15463
15611
15583
15743
15782
15550
15585
15525
15811
15711
15716
15765
15746
15474
15626
15655
15689
15554
15577
15574
15584
15795
15679
15819
15561
15814
15383
15575
15589
15444
15776
15370
15550
15544
15679
15764
15612