174
174
150
140
162
175
165
164
151
149
162
140
154
170
152
153
168
159
153
154
156
154
166
166
127
158
154
164
148
153
152
155
158
141
176
174
163
156
135
171
152
172
149
157
136
177
164
151
138
174
135
143
143
159
171
150
142
165
190
154
156
154
149
156
157
127
175
169
146
159
150
164
164
142
140
153
160
176
151
159
153
152
148
163
139
139
153
138
142
181
161
149
147
160
160
150
173
144
160
163
144
145
139
164
163
154
154
161
159
165
134
156
151
165
160
157
152
160
154
156
140
157
178
148
158
170
166
160
157
169
178
135
175
163
141
142
165
171
157
169
160
151
168
156
161
169
151
162
152
148
162
164
160
145
130
128
161
167
147
153
164
143
154
143
161
155
146
168
156
146
150
158
186
160
169
164
146
160
150
182
141
153
143
169
144
183
162
153
152
144
176
135
152
132
161
170
132
179
161
149
161
135
161
121
152
153
163
164
168
163
154
136
167
142
160
160
172
143
175
158
161
159
129
155
162
165
163
173
176
146
128
175
147
160
146
155
153
160
145
139
156
161
183
142
153
162
154
161
147
164
168
146
168
172
166
153